Корінь №1

[-1.26 ; -0.557507]
f(-1.26) = 0.001601760000001562
f(-0.557507) = -6.498565589019389

[-1.259826892889481 ; -0.557507]
f(-1.259826892889481) = -0.0019099414357892641
f(-0.557507) = -6.498565589019389

[-1.259826892889481 ; -1.2600333667950367]
f(-1.259826892889481) = -0.0019099414357892641
f(-1.2600333667950367) = 0.002278792298952226

[-1.2599210390187419 ; -1.2600333667950367]
f(-1.2599210390187419) = -2.2063982552111838e-07
f(-1.2600333667950367) = 0.002278792298952226


f(-1.25992)=0; Кількість ітерацій дорівнює 4;
Час виконання дорівнює 9.72747802734375e-05 c

\----------------------------------------------\

Корінь №2

[0.75 ; 3.2]
f(0.75) = -5.44921875
f(3.2) = 6.953599999999989

[1.8264154670485702 ; 3.2]
f(1.8264154670485702) = -9.49728537085217
f(3.2) = 6.953599999999989

[2.6194016192432876 ; 3.2]
f(2.6194016192432876) = -7.601466235778858
f(3.2) = 6.953599999999989

[2.92262243022257 ; 3.2]
f(2.92262243022257) = -2.0864264280655167
f(3.2) = 6.953599999999989

[2.9866408152064357 ; 3.2]
f(2.9866408152064357) = -0.38261915372827016
f(3.2) = 6.953599999999989

[2.997768524045992 ; 3.2]
f(2.997768524045992) = -0.06457845655264371
f(3.2) = 6.953599999999989

[2.9996293767821154 ; 3.2]
f(2.9996293767821154) = -0.01074436501443543
f(3.2) = 6.953599999999989

[2.9999385020925806 ; 3.2]
f(2.9999385020925806) = -0.0017833372034532502
f(3.2) = 6.953599999999989

[2.999989797196661 ; 3.2]
f(2.999989797196661) = -0.0002958784862148178
f(3.2) = 6.953599999999989

[2.9999983073493968 ; 3.2]
f(2.9999983073493968) = -4.90867901357106e-05
f(3.2) = 6.953599999999989


f(3.0)=0; Кількість ітерацій дорівнює 10;
Час виконання дорівнює 0.00021266937255859375 c